Generating 2000 phone numbers... 
+254731529768;
+254797787181;
+254776177466;
+254730318729;
+254762381898;
+254763409704;
+254700068417;
+254762613733;
+254739258145;
+254714371360;
+254749147914;
+254714652383;
+254719264683;
+254749254391;
+254728776727;
+254745404271;
+254727644566;
+254726613736;
+254740871323;
+254719965638;
+254782103869;
+254746812407;
+254788145451;
+254771385216;
+254764579080;
+254780798580;
+254732130553;
+254705568163;
+254723576331;
+254740953637;
+254795256783;
+254744588611;
+254765031224;
+254797313398;
+254733622560;
+254791181088;
+254774070900;
+254753733398;
+254758456237;
+254701163057;
+254739571833;
+254706791240;
+254775884838;
+254763219974;
+254704081567;
+254765331314;
+254763691270;
+254739436416;
+254774058203;
+254700801945;
+254766048489;
+254712970474;
+254719438031;
+254773844305;
+254762133453;
+254764661562;
+254725372221;
+254754553462;
+254780526506;
+254794040032;
+254707376713;
+254780010644;
+254728121856;
+254798731888;
+254710851159;
+254767047689;
+254713070557;
+254751878202;
+254762325905;
+254724340279;
+254772702237;
+254762420347;
+254751700615;
+254783276309;
+254740626280;
+254739975442;
+254782071352;
+254763787597;
+254700952967;
+254759455817;
+254765552526;
+254795929312;
+254747072434;
+254756823367;
+254773983097;
+254700513435;
+254750935635;
+254707177858;
+254743403917;
+254753728078;
+254796083642;
+254762766260;
+254714774090;
+254763292205;
+254783064349;
+254798990287;
+254743408634;
+254769949436;
+254708685452;
+254784283749;
+254707656919;
+254733736789;
+254741324651;
+254793990831;
+254793249081;
+254798035103;
+254714183903;
+254784809217;
+254725493295;
+254707480320;
+254719865270;
+254745162308;
+254754946047;
+254711019424;
+254742705152;
+254775070469;
+254707453922;
+254717733934;
+254728943495;
+254722066334;
+254703528985;
+254710547756;
+254743905633;
+254710322573;
+254715395502;
+254701713162;
+254749805264;
+254726712860;
+254732906691;
+254756691682;
+254720213486;
+254725936381;
+254753766163;
+254742457425;
+254731116879;
+254738370511;
+254798699053;
+254711864029;
+254749839375;
+254758483249;
+254712871191;
+254787783542;
+254739648179;
+254799166167;
+254749645454;
+254781562835;
+254704335313;
+254759485624;
+254780588974;
+254756201280;
+254734099734;
+254739622202;
+254767528733;
+254726900293;
+254783004741;
+254747265359;
+254763137043;
+254707569734;
+254750794931;
+254712585899;
+254749372112;
+254726543535;
+254767392549;
+254749321268;
+254771271214;
+254725081913;
+254779508633;
+254795485621;
+254716712792;
+254727427085;
+254727454212;
+254743369542;
+254754230370;
+254724567539;
+254776385607;
+254751371386;
+254774255391;
+254746018082;
+254751358448;
+254720516300;
+254756853302;
+254786456112;
+254732413714;
+254730576594;
+254763093333;
+254721939493;
+254796600325;
+254787389540;
+254726493862;
+254721664935;
+254799673423;
+254756322454;
+254716602487;
+254782249908;
+254782546951;
+254720374956;
+254700782828;
+254739311250;
+254769524215;
+254707763179;
+254718947126;
+254740400506;
+254779790420;
+254781089534;
+254745072801;
+254720464358;
+254729812156;
+254785115179;
+254700593238;
+254738550173;
+254771020222;
+254706969709;
+254784904195;
+254771280850;
+254720087998;
+254738633552;
+254707494805;
+254790134393;
+254720781250;
+254738381216;
+254769893120;
+254715727166;
+254712916990;
+254782430495;
+254704225700;
+254735595691;
+254748591896;
+254700683931;
+254742839866;
+254700906580;
+254751430673;
+254704098557;
+254776868530;
+254777291808;
+254704295062;
+254752469189;
+254764638969;
+254726871853;
+254700535445;
+254737106534;
+254795965948;
+254768288141;
+254778617311;
+254725131823;
+254745436477;
+254762992364;
+254730614916;
+254703303264;
+254706503233;
+254711217272;
+254753075694;
+254744409641;
+254759282881;
+254738967329;
+254765609423;
+254778657366;
+254713953280;
+254715028027;
+254713927123;
+254759693037;
+254738123495;
+254757252574;
+254797884263;
+254709598487;
+254742466164;
+254777636436;
+254736375371;
+254720989675;
+254732294402;
+254782515404;
+254761554196;
+254795927713;
+254724418981;
+254747754056;
+254718267199;
+254742246792;
+254773147249;
+254759557927;
+254716550178;
+254764220514;
+254764961898;
+254785480292;
+254701618781;
+254775747975;
+254732224392;
+254754484551;
+254748248176;
+254711687967;
+254786375877;
+254727316484;
+254733256345;
+254759882632;
+254751458581;
+254700255892;
+254767680260;
+254752280311;
+254706931020;
+254792230918;
+254747936157;
+254732204848;
+254751899884;
+254782294262;
+254750021821;
+254705303980;
+254735214206;
+254775058251;
+254731854608;
+254720213330;
+254777472850;
+254704003893;
+254765584596;
+254705150014;
+254720050828;
+254746684512;
+254777774509;
+254785501388;
+254705248536;
+254732617958;
+254789181087;
+254725828700;
+254743225736;
+254788094357;
+254794208242;
+254732393594;
+254721049793;
+254731249385;
+254713036222;
+254715757497;
+254781330038;
+254783611851;
+254705884022;
+254741008175;
+254754419985;
+254765430499;
+254751704990;
+254759874101;
+254792384789;
+254793506646;
+254736746027;
+254711246215;
+254768829364;
+254736894109;
+254731938574;
+254774652562;
+254766899096;
+254793607196;
+254732693231;
+254730601712;
+254761860677;
+254756155819;
+254734212338;
+254795097375;
+254736612813;
+254792766567;
+254730685256;
+254796124678;
+254759916780;
+254701913245;
+254727348826;
+254710559309;
+254765823660;
+254723444251;
+254752149876;
+254741788719;
+254720619036;
+254703743076;
+254714441605;
+254761037522;
+254785964896;
+254785990772;
+254748907399;
+254737751311;
+254768591900;
+254741028869;
+254777912978;
+254757029210;
+254726734984;
+254739846295;
+254728997090;
+254796569259;
+254752805952;
+254734810084;
+254711939261;
+254773817554;
+254746950714;
+254788170174;
+254711717199;
+254757391665;
+254796682708;
+254774902795;
+254727340004;
+254765269889;
+254721547687;
+254770287959;
+254782741750;
+254778300522;
+254701057338;
+254747748055;
+254791534778;
+254729603233;
+254757939453;
+254782861181;
+254745755994;
+254776146756;
+254778618591;
+254796510110;
+254761722934;
+254772561112;
+254787520344;
+254712837777;
+254715356184;
+254723984249;
+254759841254;
+254779812048;
+254734976776;
+254749688779;
+254773346369;
+254728874487;
+254730588320;
+254714680381;
+254706545036;
+254707094805;
+254799152028;
+254706526515;
+254703792551;
+254795124410;
+254752440747;
+254728022692;
+254778096715;
+254789222885;
+254762993609;
+254797262454;
+254766045978;
+254794723374;
+254761646664;
+254752337434;
+254799983567;
+254745797018;
+254755072719;
+254741299668;
+254783423514;
+254707496187;
+254765682346;
+254771400654;
+254702443805;
+254713163659;
+254771841205;
+254733323708;
+254780428628;
+254795342430;
+254728538642;
+254706259424;
+254746612643;
+254774812785;
+254701346660;
+254709014843;
+254767011141;
+254742971814;
+254707722287;
+254719780245;
+254792626674;
+254779909340;
+254781052530;
+254743450095;
+254777647286;
+254730473262;
+254724838801;
+254717840815;
+254765036890;
+254736243724;
+254719698317;
+254786934798;
+254723612788;
+254743231245;
+254710147857;
+254741596544;
+254702267926;
+254735162270;
+254784562239;
+254739549127;
+254719071984;
+254739450466;
+254743167695;
+254727004048;
+254779105675;
+254727885436;
+254725562280;
+254710572849;
+254789294991;
+254704958990;
+254707043052;
+254745908577;
+254725040938;
+254758926719;
+254726509122;
+254723093282;
+254748513363;
+254707327235;
+254728663554;
+254791492961;
+254753569622;
+254742099316;
+254787800951;
+254787480554;
+254741350027;
+254712644364;
+254790801077;
+254756196393;
+254763068448;
+254799846631;
+254747221702;
+254705776384;
+254748719297;
+254741736373;
+254761295932;
+254727518589;
+254777035470;
+254715599052;
+254792416048;
+254717403397;
+254728744591;
+254727397130;
+254734219592;
+254754287724;
+254708286889;
+254790452396;
+254711868055;
+254793488403;
+254751332884;
+254751281068;
+254793451796;
+254784467822;
+254757071024;
+254757448257;
+254771472717;
+254786173246;
+254795315271;
+254795465702;
+254786804940;
+254778836041;
+254714024621;
+254753529264;
+254708758271;
+254797595431;
+254731989898;
+254722885302;
+254740298142;
+254740511723;
+254763706560;
+254740968984;
+254784402008;
+254732325027;
+254726581683;
+254754965499;
+254726996788;
+254710327966;
+254752841488;
+254774631928;
+254773049384;
+254729120408;
+254769624489;
+254713991397;
+254732196859;
+254748784442;
+254786388255;
+254788936189;
+254707378973;
+254775791718;
+254779002883;
+254704309062;
+254791342556;
+254783974668;
+254736264717;
+254770788060;
+254730757920;
+254771745679;
+254769671579;
+254794333635;
+254762042069;
+254762548050;
+254745055756;
+254733242010;
+254762268249;
+254779914503;
+254782014837;
+254770320933;
+254777670685;
+254704169053;
+254779249986;
+254752579901;
+254718354855;
+254780155652;
+254712080338;
+254780665709;
+254734306602;
+254747777529;
+254724037387;
+254759751483;
+254721768353;
+254792869410;
+254714669853;
+254740742985;
+254785621054;
+254759374216;
+254781200610;
+254712492131;
+254713856219;
+254721922830;
+254772098692;
+254708869207;
+254779113053;
+254739093570;
+254772568729;
+254766474573;
+254778698083;
+254784056213;
+254720871436;
+254721347907;
+254729939679;
+254757607265;
+254758009465;
+254774492324;
+254727611744;
+254716950813;
+254781134895;
+254728367632;
+254751515548;
+254728142505;
+254752502595;
+254770607311;
+254753576373;
+254793122122;
+254770171351;
+254743531101;
+254710475409;
+254704636169;
+254722677757;
+254730093718;
+254770769900;
+254759650285;
+254721166505;
+254785925494;
+254732929994;
+254731066195;
+254702670931;
+254709021665;
+254722180241;
+254723988121;
+254740555888;
+254700184489;
+254731539776;
+254749967758;
+254762025954;
+254711277357;
+254748338219;
+254780960434;
+254736505950;
+254790434055;
+254755703597;
+254764817842;
+254719618704;
+254722031621;
+254725150935;
+254786238498;
+254730294581;
+254794150043;
+254756394169;
+254758353373;
+254716837711;
+254716339951;
+254783884453;
+254785419884;
+254770384985;
+254737419339;
+254792594143;
+254718691479;
+254702161253;
+254795599307;
+254724382227;
+254766655647;
+254763764818;
+254732995744;
+254796074184;
+254732527768;
+254745024756;
+254739361932;
+254765247524;
+254782183505;
+254723065944;
+254736604044;
+254706832831;
+254797288732;
+254767985100;
+254777222706;
+254785164365;
+254781754976;
+254752085373;
+254758359603;
+254725012118;
+254705351002;
+254719633256;
+254708836961;
+254720827520;
+254769264209;
+254707394266;
+254795829745;
+254739126465;
+254752964858;
+254735672826;
+254704787899;
+254758996047;
+254753395591;
+254701245724;
+254731938720;
+254724342846;
+254778021199;
+254794222813;
+254793548262;
+254738800857;
+254734945168;
+254718073629;
+254729770158;
+254766262422;
+254737851116;
+254789210054;
+254786792398;
+254718638761;
+254764265268;
+254712700158;
+254761522980;
+254737117696;
+254765839239;
+254700891109;
+254769291782;
+254763514873;
+254735400094;
+254776087355;
+254749701150;
+254737449418;
+254795314198;
+254771725052;
+254719028074;
+254706302827;
+254754085005;
+254765652540;
+254714817480;
+254717589853;
+254765187281;
+254730606396;
+254757448467;
+254719989942;
+254728632385;
+254764315184;
+254751830949;
+254707025529;
+254718363233;
+254732725425;
+254711370258;
+254762872928;
+254713307198;
+254736148068;
+254728585246;
+254725153482;
+254779831491;
+254728616481;
+254743921575;
+254716251982;
+254743635635;
+254746465672;
+254722837407;
+254726251774;
+254706563097;
+254741299542;
+254788210322;
+254796564667;
+254735046441;
+254767374376;
+254721420327;
+254727689523;
+254731302228;
+254747302654;
+254793583808;
+254778870258;
+254726671336;
+254753528063;
+254739102776;
+254768151395;
+254776518077;
+254764449475;
+254722641168;
+254722208300;
+254750776935;
+254791699012;
+254750926832;
+254772818923;
+254728755164;
+254749098428;
+254747740578;
+254777954218;
+254723452098;
+254779757097;
+254734748818;
+254786066973;
+254748090887;
+254746518915;
+254755069876;
+254710050887;
+254764170591;
+254717365322;
+254703085567;
+254714364944;
+254740400038;
+254706743441;
+254752562475;
+254767571769;
+254776865373;
+254746286236;
+254740030823;
+254702124812;
+254719005998;
+254740756237;
+254778253287;
+254718850160;
+254775070661;
+254773214244;
+254757308310;
+254734706313;
+254734215994;
+254750650387;
+254785265684;
+254718041905;
+254777600781;
+254726179790;
+254796058684;
+254749694888;
+254703621740;
+254718203177;
+254709999534;
+254700206089;
+254782039883;
+254717860023;
+254730623685;
+254758044270;
+254778770985;
+254756731365;
+254714010213;
+254766510634;
+254720444156;
+254773836555;
+254760190231;
+254739594220;
+254791076878;
+254735205700;
+254747880557;
+254748196186;
+254721924335;
+254715369824;
+254750371473;
+254767345670;
+254707097887;
+254754810041;
+254767183045;
+254793226032;
+254769787128;
+254741626845;
+254781354735;
+254726149600;
+254701992828;
+254750172345;
+254796529620;
+254778846003;
+254781363183;
+254718889857;
+254715444463;
+254782249476;
+254783354957;
+254759551040;
+254710615480;
+254729409925;
+254782613329;
+254718386490;
+254754008080;
+254773921529;
+254740603865;
+254719952336;
+254774770441;
+254728768702;
+254780053491;
+254799509194;
+254741698837;
+254719661800;
+254761731053;
+254763493930;
+254724948020;
+254740107761;
+254785505969;
+254730426585;
+254779264384;
+254740959531;
+254744389081;
+254761802430;
+254781444125;
+254714638402;
+254732647897;
+254790517267;
+254709435720;
+254799953925;
+254729432228;
+254770355867;
+254754190269;
+254726748874;
+254770277900;
+254749101924;
+254753513511;
+254792277012;
+254763538105;
+254703060186;
+254743116941;
+254776176988;
+254709757709;
+254775420927;
+254763879919;
+254784142246;
+254794652662;
+254728875757;
+254728452693;
+254781290032;
+254772392134;
+254720772066;
+254711510691;
+254771196791;
+254742730581;
+254753757848;
+254738492419;
+254740128466;
+254737356941;
+254776198431;
+254782250668;
+254727494365;
+254777950016;
+254784913957;
+254764874580;
+254777061581;
+254788864801;
+254711977387;
+254765089527;
+254750614810;
+254781969066;
+254726331131;
+254796041092;
+254724156904;
+254754049479;
+254798839509;
+254794406617;
+254792220973;
+254760032526;
+254710095053;
+254740095896;
+254728319167;
+254708135755;
+254797525291;
+254780692667;
+254791220020;
+254799629706;
+254797826605;
+254721046403;
+254715144448;
+254716416483;
+254778601513;
+254785297238;
+254750478257;
+254786392219;
+254747970430;
+254703653752;
+254714374096;
+254756968296;
+254702451420;
+254713141436;
+254715282945;
+254700512442;
+254774466415;
+254721633852;
+254714162924;
+254773244795;
+254754152975;
+254775209232;
+254742605937;
+254739932177;
+254759477778;
+254742594006;
+254730172058;
+254742189124;
+254706027374;
+254724324434;
+254738437081;
+254771693412;
+254704595695;
+254795755321;
+254773958288;
+254721226597;
+254794102565;
+254773242792;
+254736731676;
+254718296189;
+254718132311;
+254761183913;
+254758975585;
+254774319453;
+254733287563;
+254759819233;
+254762294507;
+254744284561;
+254776173404;
+254751226700;
+254756252708;
+254750152887;
+254776188505;
+254701800938;
+254781192600;
+254741216543;
+254758696802;
+254764470287;
+254791007105;
+254750302143;
+254797455433;
+254718334153;
+254798023317;
+254716248959;
+254786427389;
+254728525292;
+254705300288;
+254784529661;
+254758166538;
+254732649411;
+254749857588;
+254745359956;
+254739718795;
+254783908108;
+254743698204;
+254786792224;
+254708776610;
+254786427086;
+254740569846;
+254791699387;
+254743687076;
+254780340678;
+254784654905;
+254743290797;
+254758467231;
+254700871552;
+254753218836;
+254791632430;
+254746222601;
+254787433380;
+254772788460;
+254760259960;
+254760577772;
+254790005124;
+254799432534;
+254799599397;
+254772190738;
+254757642176;
+254753926488;
+254705095407;
+254773019732;
+254727508235;
+254719358329;
+254701393444;
+254721710098;
+254725687323;
+254706723196;
+254730530281;
+254775710253;
+254760541130;
+254729791817;
+254717064218;
+254757196386;
+254735954774;
+254756040189;
+254706389775;
+254728670073;
+254775671471;
+254766577994;
+254794374686;
+254707008322;
+254783125997;
+254705041912;
+254786497859;
+254737920509;
+254763167352;
+254734544440;
+254775766676;
+254757423184;
+254764850448;
+254775670840;
+254736164399;
+254735878488;
+254786120157;
+254747944897;
+254790619071;
+254786775101;
+254761927904;
+254741282245;
+254730583006;
+254708046150;
+254736019563;
+254743388599;
+254778397390;
+254717607589;
+254710225223;
+254754038901;
+254701029683;
+254788153425;
+254757294571;
+254716797967;
+254768450773;
+254792482828;
+254785108757;
+254768194887;
+254756680872;
+254703216469;
+254759215865;
+254782981261;
+254706531090;
+254769918326;
+254721848178;
+254745680824;
+254737640425;
+254799749656;
+254796117619;
+254756245215;
+254742033824;
+254715153203;
+254762122136;
+254758805938;
+254788304017;
+254730860464;
+254757145338;
+254782044522;
+254712182351;
+254708376755;
+254765237103;
+254720566143;
+254716714711;
+254761191296;
+254718051385;
+254727474063;
+254739677361;
+254778269501;
+254781201944;
+254745151354;
+254744206097;
+254712056120;
+254737907874;
+254767393110;
+254768644910;
+254793004417;
+254777133493;
+254733802414;
+254730134529;
+254713941222;
+254711112670;
+254754765986;
+254751977942;
+254757737228;
+254780217659;
+254799774289;
+254790212410;
+254747191365;
+254729845685;
+254727437480;
+254791797893;
+254768476945;
+254739487679;
+254735720943;
+254753414273;
+254745600758;
+254705860463;
+254721314078;
+254783999126;
+254703085170;
+254735947907;
+254756410463;
+254700013648;
+254741142435;
+254780005662;
+254769224378;
+254709699087;
+254776507809;
+254788767301;
+254771692637;
+254759175271;
+254753454622;
+254708911190;
+254787422546;
+254741213513;
+254776175745;
+254764693846;
+254716639378;
+254734253233;
+254792331086;
+254747738697;
+254711225813;
+254718488656;
+254710747410;
+254708344881;
+254751534585;
+254734262187;
+254783645122;
+254704027522;
+254795965570;
+254756463294;
+254744429216;
+254796526508;
+254793729336;
+254794856645;
+254750905674;
+254740959199;
+254728252687;
+254705022641;
+254702212653;
+254731609747;
+254789908671;
+254720467521;
+254798251752;
+254726902554;
+254791242871;
+254705611561;
+254763900425;
+254708372865;
+254787556289;
+254727002766;
+254747201627;
+254752228424;
+254794830310;
+254780292912;
+254713072442;
+254731950926;
+254727504121;
+254711153687;
+254747556178;
+254776568386;
+254766801320;
+254714845049;
+254770025715;
+254718293118;
+254716460263;
+254700898200;
+254789157599;
+254794443328;
+254748043449;
+254700712982;
+254720347826;
+254768878277;
+254771122691;
+254707527241;
+254798794949;
+254745961893;
+254762501241;
+254790353094;
+254749942512;
+254742472879;
+254768689158;
+254731006745;
+254774213110;
+254764112355;
+254756180526;
+254723043233;
+254741561064;
+254780265832;
+254757360529;
+254746839731;
+254789298300;
+254779591008;
+254732768861;
+254745521539;
+254739668592;
+254778213599;
+254797441158;
+254758929693;
+254710497652;
+254779183617;
+254759231902;
+254784181766;
+254793815506;
+254733026761;
+254725774651;
+254782032915;
+254794920187;
+254738542115;
+254758613565;
+254762254668;
+254794386394;
+254745829810;
+254727824041;
+254777851566;
+254726176855;
+254726016107;
+254739593221;
+254765508061;
+254775277073;
+254715493916;
+254731694323;
+254767761885;
+254767087846;
+254746910982;
+254765444873;
+254791229140;
+254798488252;
+254732532002;
+254748318261;
+254758966016;
+254704469943;
+254763638023;
+254730314919;
+254771728841;
+254773126930;
+254723519468;
+254783788011;
+254797738469;
+254770027717;
+254736375523;
+254732038358;
+254791036917;
+254771166815;
+254763188079;
+254724781336;
+254747053155;
+254779504756;
+254756548276;
+254715935635;
+254768933984;
+254756588903;
+254785849060;
+254701846123;
+254768626825;
+254766908450;
+254780551949;
+254703065718;
+254704445530;
+254726508725;
+254758450829;
+254789459734;
+254742132271;
+254713752587;
+254735442630;
+254736300833;
+254777619787;
+254749895369;
+254712187172;
+254739742633;
+254710020069;
+254786038327;
+254709993229;
+254723550238;
+254745190311;
+254769761354;
+254705928626;
+254715872887;
+254753640990;
+254788026942;
+254779132415;
+254766668950;
+254784326848;
+254724291755;
+254778144795;
+254777600568;
+254719932995;
+254724387423;
+254749511467;
+254794745346;
+254778923853;
+254789106004;
+254719689060;
+254762778444;
+254774115780;
+254726978668;
+254711372793;
+254735551844;
+254758000558;
+254762748497;
+254721663414;
+254740052697;
+254793947795;
+254702173833;
+254740072364;
+254755877809;
+254758450924;
+254702949644;
+254781023482;
+254776717953;
+254735727953;
+254793416823;
+254743874286;
+254729694347;
+254795293009;
+254780760360;
+254729178655;
+254711872324;
+254752335267;
+254704633805;
+254758988221;
+254744074220;
+254758242645;
+254738307428;
+254735946656;
+254739823959;
+254730969161;
+254747648133;
+254702014164;
+254771525502;
+254733637896;
+254776478853;
+254730434364;
+254740464237;
+254700371605;
+254781315653;
+254799251108;
+254728313789;
+254792432812;
+254799361085;
+254773900771;
+254772318688;
+254763387164;
+254774143184;
+254743782550;
+254761205861;
+254771268523;
+254777052360;
+254712242287;
+254703180742;
+254757689701;
+254706070137;
+254734347740;
+254774294031;
+254709246614;
+254730359969;
+254717520819;
+254759260826;
+254746744126;
+254716666270;
+254724784314;
+254744070759;
+254715306597;
+254742527228;
+254703228501;
+254730664613;
+254709642965;
+254783002001;
+254799026424;
+254734776791;
+254747534041;
+254731587700;
+254750996912;
+254743885179;
+254791792927;
+254705549283;
+254736871567;
+254760231656;
+254752837388;
+254775305475;
+254709213587;
+254795748188;
+254787345879;
+254742583103;
+254701944844;
+254769397309;
+254773122106;
+254749915870;
+254719663820;
+254794525717;
+254712315579;
+254746359433;
+254794698203;
+254786862096;
+254722335719;
+254769650276;
+254797539851;
+254742278835;
+254765166613;
+254789041476;
+254750041362;
+254743882038;
+254773652771;
+254712182806;
+254778275777;
+254760344262;
+254719995182;
+254757813292;
+254786789310;
+254760104710;
+254712701858;
+254727332847;
+254737461691;
+254761574148;
+254782092521;
+254705122959;
+254740913018;
+254707613725;
+254748786375;
+254726935118;
+254779364641;
+254707452402;
+254798457730;
+254715341372;
+254731934892;
+254765245048;
+254748549498;
+254779221345;
+254786395905;
+254764702716;
+254756638163;
+254723757930;
+254781264503;
+254707167808;
+254704231382;
+254723782301;
+254796075526;
+254703009535;
+254767543291;
+254760299153;
+254744869049;
+254737584379;
+254731712951;
+254700023017;
+254782700594;
+254747164342;
+254743574829;
+254745482791;
+254711576990;
+254712132052;
+254778866081;
+254772592979;
+254770750311;
+254780311135;
+254724686519;
+254766629469;
+254705448664;
+254746117309;
+254745634018;
+254755136199;
+254733809821;
+254730964936;
+254793373423;
+254783836304;
+254709831409;
+254775925365;
+254730197516;
+254701906370;
+254796192320;
+254796776820;
+254799742834;
+254795648256;
+254771991815;
+254737315406;
+254740267799;
+254770719636;
+254733950824;
+254719164582;
+254712062935;
+254741057829;
+254779633093;
+254762178630;
+254723766626;
+254791736291;
+254752015334;
+254749356266;
+254777421188;
+254791413565;
+254719554539;
+254780104317;
+254781005339;
+254724012797;
+254784872170;
+254742158356;
+254790201577;
+254721205978;
+254710656601;
+254722446579;
+254712689635;
+254712546218;
+254718273335;
+254751355599;
+254783418473;
+254724562546;
+254737849802;
+254738903486;
+254708852897;
+254788032906;
+254734220156;
+254744258186;
+254771703229;
+254747596036;
+254770604297;
+254731269363;
+254747584411;
+254790170536;
+254718079531;
+254770663575;
+254731685749;
+254748736020;
+254754249508;
+254755792250;
+254720592823;
+254782329122;
+254727028696;
+254700302158;
+254725845686;
+254700160726;
+254735258182;
+254738964399;
+254709609807;
+254715939955;
+254713603716;
+254714850442;
+254705457248;
+254717358389;
+254705729157;
+254795896355;
+254721425630;
+254701747390;
+254721437650;
+254788068150;
+254750797443;
+254793583898;
+254707484955;
+254769501767;
+254716244147;
+254721192847;
+254798552902;
+254753180026;
+254723698542;
+254773782035;
+254740901231;
+254717527169;
+254722507240;
+254798838234;
+254795752560;
+254734142374;
+254782772028;
+254788568208;
+254781433820;
+254723007482;
+254777707270;
+254781975572;
+254773308439;
+254701345991;
+254711088021;
+254708044440;
+254726679744;
+254755840196;
+254729350796;
+254795498523;
+254779385787;
+254718084539;
+254729864999;
+254799447862;
+254703229057;
+254767000237;
+254706967176;
+254747517843;
+254764855988;
+254730283377;
+254739411619;
+254745462532;
+254720215065;
+254714295925;
+254739750124;
+254713907684;
+254768911732;
+254786852174;
+254781638738;
+254720653254;
+254744486258;
+254709659404;
+254784427748;
+254762177210;
+254759788681;
+254742460827;
+254745002284;
+254776025369;
+254772005014;
+254722891062;
+254760385229;
+254759580973;
+254780303327;
+254788856571;
+254762906685;
+254792472994;
+254738008614;
+254736882896;
+254758163468;
+254710773326;
+254785805531;
+254751516281;
+254735125030;
+254736230695;
+254774047674;
+254738414082;
+254732043383;
+254781491255;
+254711263694;
+254798442530;
+254792321606;
+254784612047;
+254785445356;
+254719938739;
+254792665935;
+254721153341;
+254733663668;
+254787869712;
+254707251879;
+254703137856;
+254720310057;
+254728753423;
+254748116287;
+254783035619;
+254773194873;
+254748560535;
+254749436707;
+254736713560;
+254793433938;
+254768345760;
+254729421275;
+254799753809;
+254707984932;
+254786957930;
+254761784879;
+254703963570;
+254715505135;
+254739008419;
+254770699021;
+254799180057;
+254768052585;
+254732266792;
+254739085162;
+254744703689;
+254758746079;
+254700078325;
+254763521443;
+254755336645;
+254735542277;
+254740758287;
+254739818854;
+254710775213;
+254706414606;
+254743946919;
+254775260728;
+254780144600;
+254728448965;
+254770140199;
+254792771611;
+254716950928;
+254781854370;
+254737221143;
+254703589677;
+254765997909;
+254707921853;
+254709052443;
+254795934204;
+254714985543;
+254763613184;
+254780175197;
+254739426366;
+254791297301;
+254711286261;
+254768070954;
+254712579210;
+254741563177;
+254736753813;
+254738159427;
+254747048624;
+254778796466;
+254736954872;
+254739015934;
+254783828613;
+254707649754;
+254791922552;
+254727774132;
+254779231722;
+254792855210;
+254791819045;
+254744594939;
+254791029163;
+254752808532;
+254740055471;
+254789092057;
+254732941508;
+254760970512;
+254747463044;
+254780107114;
+254713173469;
+254705095443;
+254727907398;
+254722721740;
+254775115334;
+254748740150;
+254727958799;
+254775540333;
+254753666188;
+254763804787;
+254745312573;
+254701915016;
+254736642618;
+254763778743;
+254710871622;
+254796316621;
+254741581386;
+254738272248;
+254773450145;
+254742563625;
+254754846843;
+254710545588;
+254749781354;
+254782348773;
+254716203421;
+254756901161;
+254765622733;
+254777518411;
+254788223556;
+254777346897;
+254769964246;
+254751000003;
+254725926444;
+254750817562;
+254712045843;
+254727390666;
+254724122291;
+254740052762;
+254732519661;
+254799344733;
+254742624840;
+254745435517;
+254708313279;
+254761452530;
+254762100505;
+254787196097;
+254716452481;
+254795227594;
+254751781945;
+254744572903;
+254785594136;
+254749291267;
+254711711761;
+254763838397;
+254734985652;
+254796388993;
+254793510779;
+254770138287;
+254755241365;
+254794271720;
+254719143467;
+254735984793;
+254764192853;
+254791405150;
+254739980471;
+254740862879;
+254788592274;
+254765782697;
+254702133133;
+254790923162;
+254725023720;
+254787798797;
+254749578754;
+254785554511;
+254710980454;
+254730984785;
+254714148539;
+254734359932;
+254716574528;
+254783662829;
+254786194542;
+254793744006;
+254708802489;
+254713492570;
+254799344518;
+254733545399;
+254741314324;
+254726832571;
+254728490067;
+254735633451;
+254750561061;
+254760773902;
+254707505417;
+254716140796;
+254782611614;
+254774978647;
+254701199630;
+254795748898;
+254764046260;
+254786289316;
+254727864178;
+254797850459;
+254758235916;
+254755726973;
+254708657606;
+254717904229;
+254717148974;
+254720943807;
+254745082680;
+254795155755;
+254762979915;
+254764761772;
+254708379155;
+254788804625;
+254774978093;
+254718804978;
+254762359854;
+254793296164;
+254716086538;
+254734804557;
+254747324645;
+254759493403;
+254725946384;
+254779734239;
+254776420840;
+254721989625;
+254788250891;
+254729257738;
+254707634091;
+254706378319;
+254735112773;
+254743651362;
+254763611618;
+254705785883;
+254781062810;
+254719948733;
+254719945024;
+254791461432;
+254792307196;
+254798401251;
+254707540016;
+254709835811;
+254741069172;
+254749418001;
+254778967338;
+254731291952;
+254784490288;
+254772791297;
+254700444371;
+254762382054;
+254723837235;
+254752420314;
+254726061595;
+254759946839;
+254748333388;
+254705086401;
+254734998356;
+254743569961;
+254720334863;
+254740558499;
+254753444900;
+254735086274;
+254771676746;
+254759662227;
+254708420294;
+254783827438;
+254797592584;
+254743836379;
+254794668590;
+254710474490;
+254748160890;
+254761706718;
+254758526895;
+254702679150;
+254789524922;
+254710139380;
+254746348773;
+254732777897;
+254761124137;
+254793103000;
+254745455119;
+254764827248;
+254711531789;
+254700898792;
+254731359889;
+254711985315;
+254752118842;
+254778909123;
+254705750397;
+254710765404;
+254780579364;
+254705087985;
+254749203123;
+254714449185;
+254721904657;
+254710832853;
+254788790309;
+254772950446;
+254706959890;
+254719040711;
+254735734654;
+254732539048;
+254745513315;
+254767642526;
+254784448164;
+254721612863;
+254767105587;
+254737752256;
+254782479780
